-20 1.50393
-19.99 1.51769
-19.98 1.53152
-19.97 1.5454
-19.96 1.55934
-19.95 1.57334
-19.94 1.58739
-19.93 1.60149
-19.92 1.61565
-19.91 1.62984
-19.9 1.64409
-19.89 1.65837
-19.88 1.6727
-19.87 1.68706
-19.86 1.70146
-19.85 1.71588
-19.84 1.73034
-19.83 1.74482
-19.82 1.75933
-19.81 1.77386
-19.8 1.7884
-19.79 1.80296
-19.78 1.81753
-19.77 1.83211
-19.76 1.84669
-19.75 1.86128
-19.74 1.87586
-19.73 1.89044
-19.72 1.90501
-19.71 1.91957
-19.7 1.93411
-19.69 1.94864
-19.68 1.96315
-19.67 1.97762
-19.66 1.99207
-19.65 2.00649
-19.64 2.02087
-19.63 2.03521
-19.62 2.04951
-19.61 2.06376
-19.6 2.07796
-19.59 2.0921
-19.58 2.10618
-19.57 2.12021
-19.56 2.13416
-19.55 2.14804
-19.54 2.16185
-19.53 2.17558
-19.52 2.18922
-19.51 2.20278
-19.5 2.21625
-19.49 2.22962
-19.48 2.24289
-19.47 2.25606
-19.46 2.26912
-19.45 2.28207
-19.44 2.29491
-19.43 2.30763
-19.42 2.32022
-19.41 2.33268
-19.4 2.34502
-19.39 2.35721
-19.38 2.36927
-19.37 2.38119
-19.36 2.39295
-19.35 2.40457
-19.34 2.41603
-19.33 2.42732
-19.32 2.43846
-19.31 2.44943
-19.3 2.46023
-19.29 2.47085
-19.28 2.48129
-19.27 2.49156
-19.26 2.50163
-19.25 2.51152
-19.24 2.52121
-19.23 2.53071
-19.22 2.54001
-19.21 2.5491
-19.2 2.55799
-19.19 2.56666
-19.18 2.57513
-19.17 2.58337
-19.16 2.5914
-19.15 2.5992
-19.14 2.60678
-19.13 2.61413
-19.12 2.62125
-19.11 2.62814
-19.1 2.63479
-19.09 2.6412
-19.08 2.64737
-19.07 2.65329
-19.06 2.65897
-19.05 2.6644
-19.04 2.66958
-19.03 2.6745
-19.02 2.67918
-19.01 2.68359
-19 2.68775
-18.99 2.69165
-18.98 2.69529
-18.97 2.69866
-18.96 2.70177
-18.95 2.70462
-18.94 2.70719
-18.93 2.70951
-18.92 2.71155
-18.91 2.71332
-18.9 2.71483
-18.89 2.71606
-18.88 2.71702
-18.87 2.71771
-18.86 2.71813
-18.85 2.71828
-18.84 2.71816
-18.83 2.71776
-18.82 2.71709
-18.81 2.71616
-18.8 2.71495
-18.79 2.71347
-18.78 2.71172
-18.77 2.7097
-18.76 2.70741
-18.75 2.70486
-18.74 2.70203
-18.73 2.69895
-18.72 2.6956
-18.71 2.69198
-18.7 2.68811
-18.69 2.68397
-18.68 2.67958
-18.67 2.67493
-18.66 2.67003
-18.65 2.66487
-18.64 2.65946
-18.63 2.6538
-18.62 2.6479
-18.61 2.64175
-18.6 2.63537
-18.59 2.62874
-18.58 2.62187
-18.57 2.61478
-18.56 2.60744
-18.55 2.59989
-18.54 2.5921
-18.53 2.58409
-18.52 2.57587
-18.51 2.56742
-18.5 2.55877
-18.49 2.5499
-18.48 2.54082
-18.47 2.53154
-18.46 2.52206
-18.45 2.51239
-18.44 2.50252
-18.43 2.49246
-18.42 2.48221
-18.41 2.47179
-18.4 2.46118
-18.39 2.4504
-18.38 2.43944
-18.37 2.42832
-18.36 2.41704
-18.35 2.40559
-18.34 2.39399
-18.33 2.38224
-18.32 2.37034
-18.31 2.35829
-18.3 2.34611
-18.29 2.33378
-18.28 2.32133
-18.27 2.30875
-18.26 2.29604
-18.25 2.28322
-18.24 2.27028
-18.23 2.25723
-18.22 2.24407
-18.21 2.2308
-18.2 2.21744
-18.19 2.20398
-18.18 2.19043
-18.17 2.17679
-18.16 2.16307
-18.15 2.14927
-18.14 2.13539
-18.13 2.12145
-18.12 2.10743
-18.11 2.09335
-18.1 2.07922
-18.09 2.06502
-18.08 2.05078
-18.07 2.03649
-18.06 2.02215
-18.05 2.00777
-18.04 1.99336
-18.03 1.97891
-18.02 1.96443
-18.01 1.94993
-18 1.93541
-17.99 1.92086
-17.98 1.9063
-17.97 1.89173
-17.96 1.87715
-17.95 1.86257
-17.94 1.84799
-17.93 1.8334
-17.92 1.81882
-17.91 1.80425
-17.9 1.78969
-17.89 1.77515
-17.88 1.76062
-17.87 1.74611
-17.86 1.73163
-17.85 1.71717
-17.84 1.70274
-17.83 1.68834
-17.82 1.67397
-17.81 1.65964
-17.8 1.64536
-17.79 1.63111
-17.78 1.6169
-17.77 1.60275
-17.76 1.58864
-17.75 1.57459
-17.74 1.56058
-17.73 1.54664
-17.72 1.53275
-17.71 1.51892
-17.7 1.50515
-17.69 1.49145
-17.68 1.47781
-17.67 1.46424
-17.66 1.45074
-17.65 1.43731
-17.64 1.42395
-17.63 1.41067
-17.62 1.39746
-17.61 1.38433
-17.6 1.37128
-17.59 1.35831
-17.58 1.34542
-17.57 1.33261
-17.56 1.31989
-17.55 1.30725
-17.54 1.2947
-17.53 1.28224
-17.52 1.26986
-17.51 1.25757
-17.5 1.24538
-17.49 1.23327
-17.48 1.22126
-17.47 1.20934
-17.46 1.19752
-17.45 1.18578
-17.44 1.17415
-17.43 1.16261
-17.42 1.15116
-17.41 1.13981
-17.4 1.12856
-17.39 1.11741
-17.38 1.10635
-17.37 1.09539
-17.36 1.08453
-17.35 1.07377
-17.34 1.06311
-17.33 1.05255
-17.32 1.04209
-17.31 1.03173
-17.3 1.02147
-17.29 1.0113
-17.28 1.00124
-17.27 0.991279
-17.26 0.981416
-17.25 0.971654
-17.24 0.961991
-17.23 0.952428
-17.22 0.942965
-17.21 0.933602
-17.2 0.924337
-17.19 0.915172
-17.18 0.906106
-17.17 0.897138
-17.16 0.888269
-17.15 0.879498
-17.14 0.870825
-17.13 0.862249
-17.12 0.85377
-17.11 0.845388
-17.1 0.837102
-17.09 0.828913
-17.08 0.820818
-17.07 0.812819
-17.06 0.804915
-17.05 0.797104
-17.04 0.789388
-17.03 0.781764
-17.02 0.774234
-17.01 0.766795
-17 0.759448
-16.99 0.752192
-16.98 0.745027
-16.97 0.737952
-16.96 0.730966
-16.95 0.724068
-16.94 0.71726
-16.93 0.710538
-16.92 0.703904
-16.91 0.697356
-16.9 0.690894
-16.89 0.684518
-16.88 0.678225
-16.87 0.672017
-16.86 0.665892
-16.85 0.65985
-16.84 0.65389
-16.83 0.648011
-16.82 0.642212
-16.81 0.636494
-16.8 0.630855
-16.79 0.625295
-16.78 0.619814
-16.77 0.614409
-16.76 0.609081
-16.75 0.60383
-16.74 0.598654
-16.73 0.593553
-16.72 0.588526
-16.71 0.583572
-16.7 0.578691
-16.69 0.573883
-16.68 0.569146
-16.67 0.56448
-16.66 0.559884
-16.65 0.555358
-16.64 0.550901
-16.63 0.546512
-16.62 0.542191
-16.61 0.537937
-16.6 0.53375
-16.59 0.529628
-16.58 0.525572
-16.57 0.52158
-16.56 0.517652
-16.55 0.513788
-16.54 0.509986
-16.53 0.506247
-16.52 0.502569
-16.51 0.498953
-16.5 0.495396
-16.49 0.4919
-16.48 0.488463
-16.47 0.485085
-16.46 0.481765
-16.45 0.478503
-16.44 0.475297
-16.43 0.472149
-16.42 0.469056
-16.41 0.466019
-16.4 0.463037
-16.39 0.46011
-16.38 0.457236
-16.37 0.454416
-16.36 0.451649
-16.35 0.448935
-16.34 0.446272
-16.33 0.443662
-16.32 0.441102
-16.31 0.438593
-16.3 0.436134
-16.29 0.433725
-16.28 0.431365
-16.27 0.429054
-16.26 0.426792
-16.25 0.424578
-16.24 0.422411
-16.23 0.420292
-16.22 0.41822
-16.21 0.416194
-16.2 0.414214
-16.19 0.41228
-16.18 0.410391
-16.17 0.408548
-16.16 0.406749
-16.15 0.404994
-16.14 0.403284
-16.13 0.401617
-16.12 0.399993
-16.11 0.398413
-16.1 0.396875
-16.09 0.39538
-16.08 0.393927
-16.07 0.392516
-16.06 0.391147
-16.05 0.389819
-16.04 0.388532
-16.03 0.387286
-16.02 0.38608
-16.01 0.384915
-16 0.38379
-15.99 0.382705
-15.98 0.38166
-15.97 0.380654
-15.96 0.379688
-15.95 0.37876
-15.94 0.377872
-15.93 0.377022
-15.92 0.376211
-15.91 0.375439
-15.9 0.374705
-15.89 0.374008
-15.88 0.37335
-15.87 0.37273
-15.86 0.372148
-15.85 0.371603
-15.84 0.371096
-15.83 0.370626
-15.82 0.370193
-15.81 0.369798
-15.8 0.36944
-15.79 0.369119
-15.78 0.368835
-15.77 0.368588
-15.76 0.368378
-15.75 0.368205
-15.74 0.368068
-15.73 0.367969
-15.72 0.367906
-15.71 0.36788
-15.7 0.367891
-15.69 0.367939
-15.68 0.368023
-15.67 0.368145
-15.66 0.368303
-15.65 0.368498
-15.64 0.36873
-15.63 0.368999
-15.62 0.369305
-15.61 0.369647
-15.6 0.370028
-15.59 0.370445
-15.58 0.3709
-15.57 0.371392
-15.56 0.371921
-15.55 0.372488
-15.54 0.373093
-15.53 0.373736
-15.52 0.374416
-15.51 0.375135
-15.5 0.375892
-15.49 0.376687
-15.48 0.377521
-15.47 0.378394
-15.46 0.379305
-15.45 0.380256
-15.44 0.381245
-15.43 0.382275
-15.42 0.383343
-15.41 0.384452
-15.4 0.385601
-15.39 0.38679
-15.38 0.388019
-15.37 0.38929
-15.36 0.390601
-15.35 0.391953
-15.34 0.393347
-15.33 0.394783
-15.32 0.396261
-15.31 0.397782
-15.3 0.399345
-15.29 0.40095
-15.28 0.4026
-15.27 0.404292
-15.26 0.406029
-15.25 0.40781
-15.24 0.409635
-15.23 0.411505
-15.22 0.413421
-15.21 0.415382
-15.2 0.417389
-15.19 0.419442
-15.18 0.421542
-15.17 0.42369
-15.16 0.425884
-15.15 0.428127
-15.14 0.430418
-15.13 0.432758
-15.12 0.435147
-15.11 0.437585
-15.1 0.440074
-15.09 0.442613
-15.08 0.445203
-15.07 0.447844
-15.06 0.450537
-15.05 0.453283
-15.04 0.456081
-15.03 0.458933
-15.02 0.461838
-15.01 0.464798
-15 0.467812
-14.99 0.470882
-14.98 0.474008
-14.97 0.47719
-14.96 0.480429
-14.95 0.483726
-14.94 0.48708
-14.93 0.490493
-14.92 0.493965
-14.91 0.497497
-14.9 0.501089
-14.89 0.504741
-14.88 0.508456
-14.87 0.512232
-14.86 0.51607
-14.85 0.519972
-14.84 0.523938
-14.83 0.527968
-14.82 0.532063
-14.81 0.536224
-14.8 0.54045
-14.79 0.544744
-14.78 0.549105
-14.77 0.553534
-14.76 0.558032
-14.75 0.5626
-14.74 0.567237
-14.73 0.571945
-14.72 0.576724
-14.71 0.581575
-14.7 0.586499
-14.69 0.591496
-14.68 0.596567
-14.67 0.601712
-14.66 0.606933
-14.65 0.61223
-14.64 0.617603
-14.63 0.623053
-14.62 0.628581
-14.61 0.634188
-14.6 0.639873
-14.59 0.645639
-14.58 0.651485
-14.57 0.657412
-14.56 0.663421
-14.55 0.669512
-14.54 0.675686
-14.53 0.681944
-14.52 0.688287
-14.51 0.694714
-14.5 0.701227
-14.49 0.707825
-14.48 0.714511
-14.47 0.721284
-14.46 0.728145
-14.45 0.735095
-14.44 0.742134
-14.43 0.749263
-14.42 0.756481
-14.41 0.763791
-14.4 0.771192
-14.39 0.778686
-14.38 0.786271
-14.37 0.79395
-14.36 0.801722
-14.35 0.809588
-14.34 0.817548
-14.33 0.825604
-14.32 0.833755
-14.31 0.842001
-14.3 0.850344
-14.29 0.858783
-14.28 0.867319
-14.27 0.875953
-14.26 0.884684
-14.25 0.893514
-14.24 0.902441
-14.23 0.911467
-14.22 0.920592
-14.21 0.929816
-14.2 0.939139
-14.19 0.948562
-14.18 0.958084
-14.17 0.967706
-14.16 0.977428
-14.15 0.987249
-14.14 0.997171
-14.13 1.00719
-14.12 1.01731
-14.11 1.02754
-14.1 1.03786
-14.09 1.04828
-14.08 1.0588
-14.07 1.06942
-14.06 1.08014
-14.05 1.09096
-14.04 1.10188
-14.03 1.11289
-14.02 1.12401
-14.01 1.13522
-14 1.14653
-13.99 1.15793
-13.98 1.16943
-13.97 1.18103
-13.96 1.19273
-13.95 1.20451
-13.94 1.2164
-13.93 1.22837
-13.92 1.24044
-13.91 1.2526
-13.9 1.26485
-13.89 1.27718
-13.88 1.28961
-13.87 1.30213
-13.86 1.31473
-13.85 1.32742
-13.84 1.34019
-13.83 1.35305
-13.82 1.36599
-13.81 1.379
-13.8 1.3921
-13.79 1.40528
-13.78 1.41853
-13.77 1.43186
-13.76 1.44526
-13.75 1.45873
-13.74 1.47227
-13.73 1.48588
-13.72 1.49956
-13.71 1.5133
-13.7 1.52711
-13.69 1.54097
-13.68 1.55489
-13.67 1.56887
-13.66 1.58291
-13.65 1.597
-13.64 1.61113
-13.63 1.62532
-13.62 1.63955
-13.61 1.65382
-13.6 1.66813
-13.59 1.68248
-13.58 1.69687
-13.57 1.71129
-13.56 1.72573
-13.55 1.74021
-13.54 1.75471
-13.53 1.76923
-13.52 1.78377
-13.51 1.79832
-13.5 1.81289
-13.49 1.82746
-13.48 1.84204
-13.47 1.85663
-13.46 1.87121
-13.45 1.8858
-13.44 1.90037
-13.43 1.91493
-13.42 1.92948
-13.41 1.94402
-13.4 1.95853
-13.39 1.97302
-13.38 1.98748
-13.37 2.0019
-13.36 2.0163
-13.35 2.03065
-13.34 2.04496
-13.33 2.05923
-13.32 2.07344
-13.31 2.0876
-13.3 2.10171
-13.29 2.11575
-13.28 2.12972
-13.27 2.14363
-13.26 2.15746
-13.25 2.17121
-13.24 2.18488
-13.23 2.19847
-13.22 2.21197
-13.21 2.22537
-13.2 2.23867
-13.19 2.25188
-13.18 2.26497
-13.17 2.27796
-13.16 2.29083
-13.15 2.30359
-13.14 2.31622
-13.13 2.32873
-13.12 2.3411
-13.11 2.35334
-13.1 2.36545
-13.09 2.37741
-13.08 2.38922
-13.07 2.40088
-13.06 2.41239
-13.05 2.42374
-13.04 2.43493
-13.03 2.44595
-13.02 2.45681
-13.01 2.46749
-13 2.47799
-12.99 2.48831
-12.98 2.49844
-12.97 2.50839
-12.96 2.51815
-12.95 2.52771
-12.94 2.53707
-12.93 2.54623
-12.92 2.55518
-12.91 2.56392
-12.9 2.57245
-12.89 2.58077
-12.88 2.58887
-12.87 2.59674
-12.86 2.60439
-12.85 2.61182
-12.84 2.61901
-12.83 2.62597
-12.82 2.6327
-12.81 2.63918
-12.8 2.64543
-12.79 2.65143
-12.78 2.65719
-12.77 2.6627
-12.76 2.66796
-12.75 2.67296
-12.74 2.67772
-12.73 2.68221
-12.72 2.68645
-12.71 2.69044
-12.7 2.69416
-12.69 2.69761
-12.68 2.70081
-12.67 2.70374
-12.66 2.7064
-12.65 2.7088
-12.64 2.71093
-12.63 2.71279
-12.62 2.71438
-12.61 2.7157
-12.6 2.71675
-12.59 2.71752
-12.58 2.71803
-12.57 2.71826
-12.56 2.71823
-12.55 2.71792
-12.54 2.71734
-12.53 2.71648
-12.52 2.71536
-12.51 2.71397
-12.5 2.7123
-12.49 2.71037
-12.48 2.70817
-12.47 2.7057
-12.46 2.70296
-12.45 2.69996
-12.44 2.69669
-12.43 2.69316
-12.42 2.68937
-12.41 2.68532
-12.4 2.68101
-12.39 2.67644
-12.38 2.67162
-12.37 2.66654
-12.36 2.66121
-12.35 2.65563
-12.34 2.64981
-12.33 2.64374
-12.32 2.63743
-12.31 2.63088
-12.3 2.62409
-12.29 2.61706
-12.28 2.6098
-12.27 2.60232
-12.26 2.59461
-12.25 2.58667
-12.24 2.57851
-12.23 2.57014
-12.22 2.56155
-12.21 2.55274
-12.2 2.54374
-12.19 2.53452
-12.18 2.52511
-12.17 2.51549
-12.16 2.50568
-12.15 2.49568
-12.14 2.4855
-12.13 2.47513
-12.12 2.46458
-12.11 2.45385
-12.1 2.44295
-12.09 2.43188
-12.08 2.42065
-12.07 2.40925
-12.06 2.3977
-12.05 2.386
-12.04 2.37414
-12.03 2.36214
-12.02 2.35
-12.01 2.33772
-12 2.32531
-11.99 2.31277
-11.98 2.3001
-11.97 2.28732
-11.96 2.27441
-11.95 2.2614
-11.94 2.24827
-11.93 2.23504
-11.92 2.22171
-11.91 2.20828
-11.9 2.19475
-11.89 2.18114
-11.88 2.16745
-11.87 2.15367
-11.86 2.13982
-11.85 2.1259
-11.84 2.1119
-11.83 2.09785
-11.82 2.08373
-11.81 2.06955
-11.8 2.05532
-11.79 2.04104
-11.78 2.02672
-11.77 2.01235
-11.76 1.99795
-11.75 1.98351
-11.74 1.96905
-11.73 1.95455
-11.72 1.94003
-11.71 1.9255
-11.7 1.91094
-11.69 1.89638
-11.68 1.8818
-11.67 1.86722
-11.66 1.85263
-11.65 1.83805
-11.64 1.82347
-11.63 1.80889
-11.62 1.79433
-11.61 1.77978
-11.6 1.76525
-11.59 1.75073
-11.58 1.73624
-11.57 1.72177
-11.56 1.70733
-11.55 1.69292
-11.54 1.67854
-11.53 1.6642
-11.52 1.6499
-11.51 1.63564
-11.5 1.62142
-11.49 1.60725
-11.48 1.59313
-11.47 1.57906
-11.46 1.56504
-11.45 1.55107
-11.44 1.53716
-11.43 1.52332
-11.42 1.50953
-11.41 1.4958
-11.4 1.48215
-11.39 1.46855
-11.38 1.45503
-11.37 1.44158
-11.36 1.4282
-11.35 1.41489
-11.34 1.40166
-11.33 1.3885
-11.32 1.37543
-11.31 1.36243
-11.3 1.34952
-11.29 1.33668
-11.28 1.32393
-11.27 1.31127
-11.26 1.29869
-11.25 1.2862
-11.24 1.27379
-11.23 1.26148
-11.22 1.24925
-11.21 1.23712
-11.2 1.22508
-11.19 1.21313
-11.18 1.20127
-11.17 1.18951
-11.16 1.17784
-11.15 1.16627
-11.14 1.1548
-11.13 1.14342
-11.12 1.13213
-11.11 1.12095
-11.1 1.10986
-11.09 1.09887
-11.08 1.08798
-11.07 1.07719
-11.06 1.0665
-11.05 1.05591
-11.04 1.04541
-11.03 1.03502
-11.02 1.02472
-11.01 1.01453
-11 1.00444
-10.99 0.994441
-10.98 0.984547
-10.97 0.974753
-10.96 0.965058
-10.95 0.955464
-10.94 0.945969
-10.93 0.936573
-10.92 0.927278
-10.91 0.918081
-10.9 0.908983
-10.89 0.899984
-10.88 0.891083
-10.87 0.882281
-10.86 0.873577
-10.85 0.86497
-10.84 0.85646
-10.83 0.848047
-10.82 0.839731
-10.81 0.831511
-10.8 0.823386
-10.79 0.815357
-10.78 0.807422
-10.77 0.799582
-10.76 0.791836
-10.75 0.784183
-10.74 0.776622
-10.73 0.769154
-10.72 0.761778
-10.71 0.754494
-10.7 0.747299
-10.69 0.740196
-10.68 0.733181
-10.67 0.726256
-10.66 0.719419
-10.65 0.71267
-10.64 0.706008
-10.63 0.699433
-10.62 0.692943
-10.61 0.68654
-10.6 0.680221
-10.59 0.673986
-10.58 0.667834
-10.57 0.661766
-10.56 0.655779
-10.55 0.649874
-10.54 0.644051
-10.53 0.638307
-10.52 0.632643
-10.51 0.627058
-10.5 0.621551
-10.49 0.616122
-10.48 0.61077
-10.47 0.605494
-10.46 0.600294
-10.45 0.595169
-10.44 0.590119
-10.43 0.585142
-10.42 0.580238
-10.41 0.575407
-10.4 0.570647
-10.39 0.565959
-10.38 0.561341
-10.37 0.556792
-10.36 0.552313
-10.35 0.547903
-10.34 0.54356
-10.33 0.539285
-10.32 0.535076
-10.31 0.530934
-10.3 0.526857
-10.29 0.522845
-10.28 0.518896
-10.27 0.515012
-10.26 0.51119
-10.25 0.507431
-10.24 0.503734
-10.23 0.500098
-10.22 0.496523
-10.21 0.493007
-10.2 0.489551
-10.19 0.486155
-10.18 0.482816
-10.17 0.479536
-10.16 0.476312
-10.15 0.473146
-10.14 0.470035
-10.13 0.466981
-10.12 0.463981
-10.11 0.461036
-10.1 0.458146
-10.09 0.455309
-10.08 0.452525
-10.07 0.449794
-10.06 0.447115
-10.05 0.444488
-10.04 0.441912
-10.03 0.439387
-10.02 0.436912
-10.01 0.434487
-10 0.432112
-9.99 0.429785
-9.98 0.427508
-9.97 0.425278
-9.96 0.423096
-9.95 0.420962
-9.94 0.418875
-9.93 0.416834
-9.92 0.41484
-9.91 0.412891
-9.9 0.410988
-9.89 0.40913
-9.88 0.407317
-9.87 0.405548
-9.86 0.403824
-9.85 0.402143
-9.84 0.400506
-9.83 0.398912
-9.82 0.397361
-9.81 0.395852
-9.8 0.394386
-9.79 0.392961
-9.78 0.391578
-9.77 0.390237
-9.76 0.388937
-9.75 0.387678
-9.74 0.38646
-9.73 0.385282
-9.72 0.384144
-9.71 0.383046
-9.7 0.381988
-9.69 0.38097
-9.68 0.379991
-9.67 0.379051
-9.66 0.378151
-9.65 0.377289
-9.64 0.376465
-9.63 0.375681
-9.62 0.374934
-9.61 0.374226
-9.6 0.373556
-9.59 0.372924
-9.58 0.372329
-9.57 0.371772
-9.56 0.371253
-9.55 0.370771
-9.54 0.370327
-9.53 0.36992
-9.52 0.36955
-9.51 0.369217
-9.5 0.368921
-9.49 0.368662
-9.48 0.368441
-9.47 0.368256
-9.46 0.368108
-9.45 0.367996
-9.44 0.367922
-9.43 0.367884
-9.42 0.367884
-9.41 0.36792
-9.4 0.367992
-9.39 0.368102
-9.38 0.368248
-9.37 0.368432
-9.36 0.368652
-9.35 0.368909
-9.34 0.369203
-9.33 0.369534
-9.32 0.369903
-9.31 0.370308
-9.3 0.370751
-9.29 0.371231
-9.28 0.371748
-9.27 0.372304
-9.26 0.372896
-9.25 0.373527
-9.24 0.374195
-9.23 0.374902
-9.22 0.375647
-9.21 0.37643
-9.2 0.377251
-9.19 0.378112
-9.18 0.379011
-9.17 0.379949
-9.16 0.380926
-9.15 0.381942
-9.14 0.382999
-9.13 0.384094
-9.12 0.38523
-9.11 0.386407
-9.1 0.387623
-9.09 0.38888
-9.08 0.390179
-9.07 0.391518
-9.06 0.392899
-9.05 0.394321
-9.04 0.395786
-9.03 0.397293
-9.02 0.398842
-9.01 0.400434
-9 0.40207
-8.99 0.403748
-8.98 0.405471
-8.97 0.407238
-8.96 0.409049
-8.95 0.410905
-8.94 0.412806
-8.93 0.414752
-8.92 0.416745
-8.91 0.418783
-8.9 0.420868
-8.89 0.423001
-8.88 0.42518
-8.87 0.427407
-8.86 0.429683
-8.85 0.432007
-8.84 0.43438
-8.83 0.436803
-8.82 0.439276
-8.81 0.441798
-8.8 0.444372
-8.79 0.446997
-8.78 0.449674
-8.77 0.452402
-8.76 0.455184
-8.75 0.458019
-8.74 0.460907
-8.73 0.463849
-8.72 0.466846
-8.71 0.469898
-8.7 0.473006
-8.69 0.47617
-8.68 0.479391
-8.67 0.482669
-8.66 0.486005
-8.65 0.489399
-8.64 0.492853
-8.63 0.496365
-8.62 0.499938
-8.61 0.503571
-8.6 0.507266
-8.59 0.511022
-8.58 0.514841
-8.57 0.518723
-8.56 0.522668
-8.55 0.526677
-8.54 0.530752
-8.53 0.534891
-8.52 0.539097
-8.51 0.543369
-8.5 0.547709
-8.49 0.552116
-8.48 0.556592
-8.47 0.561137
-8.46 0.565752
-8.45 0.570437
-8.44 0.575194
-8.43 0.580022
-8.42 0.584923
-8.41 0.589896
-8.4 0.594944
-8.39 0.600065
-8.38 0.605262
-8.37 0.610534
-8.36 0.615883
-8.35 0.621309
-8.34 0.626812
-8.33 0.632393
-8.32 0.638054
-8.31 0.643794
-8.3 0.649614
-8.29 0.655515
-8.28 0.661498
-8.27 0.667563
-8.26 0.673711
-8.25 0.679942
-8.24 0.686257
-8.23 0.692657
-8.22 0.699143
-8.21 0.705714
-8.2 0.712372
-8.19 0.719117
-8.18 0.72595
-8.17 0.732872
-8.16 0.739882
-8.15 0.746982
-8.14 0.754172
-8.13 0.761453
-8.12 0.768825
-8.11 0.776289
-8.1 0.783845
-8.09 0.791494
-8.08 0.799236
-8.07 0.807072
-8.06 0.815003
-8.05 0.823028
-8.04 0.831148
-8.03 0.839364
-8.02 0.847676
-8.01 0.856085
-8 0.86459
-7.99 0.873192
-7.98 0.881893
-7.97 0.890691
-7.96 0.899587
-7.95 0.908581
-7.94 0.917675
-7.93 0.926867
-7.92 0.936159
-7.91 0.945549
-7.9 0.95504
-7.89 0.96463
-7.88 0.97432
-7.87 0.98411
-7.86 0.994
-7.85 1.00399
-7.84 1.01408
-7.83 1.02427
-7.82 1.03456
-7.81 1.04495
-7.8 1.05544
-7.79 1.06603
-7.78 1.07671
-7.77 1.0875
-7.76 1.09839
-7.75 1.10937
-7.74 1.12046
-7.73 1.13164
-7.72 1.14291
-7.71 1.15429
-7.7 1.16576
-7.69 1.17733
-7.68 1.18899
-7.67 1.20075
-7.66 1.2126
-7.65 1.22455
-7.64 1.23658
-7.63 1.24871
-7.62 1.26093
-7.61 1.27324
-7.6 1.28564
-7.59 1.29813
-7.58 1.31071
-7.57 1.32337
-7.56 1.33611
-7.55 1.34894
-7.54 1.36186
-7.53 1.37485
-7.52 1.38792
-7.51 1.40107
-7.5 1.4143
-7.49 1.4276
-7.48 1.44098
-7.47 1.45443
-7.46 1.46795
-7.45 1.48154
-7.44 1.4952
-7.43 1.50892
-7.42 1.5227
-7.41 1.53655
-7.4 1.55045
-7.39 1.56442
-7.38 1.57843
-7.37 1.5925
-7.36 1.60662
-7.35 1.62079
-7.34 1.63501
-7.33 1.64927
-7.32 1.66357
-7.31 1.67791
-7.3 1.69228
-7.29 1.70669
-7.28 1.72113
-7.27 1.73559
-7.26 1.75009
-7.25 1.7646
-7.24 1.77913
-7.23 1.79368
-7.22 1.80825
-7.21 1.82282
-7.2 1.8374
-7.19 1.85198
-7.18 1.86657
-7.17 1.88115
-7.16 1.89573
-7.15 1.9103
-7.14 1.92485
-7.13 1.93939
-7.12 1.95391
-7.11 1.9684
-7.1 1.98287
-7.09 1.99731
-7.08 2.01172
-7.07 2.02608
-7.06 2.04041
-7.05 2.05469
-7.04 2.06892
-7.03 2.0831
-7.02 2.09722
-7.01 2.11128
-7 2.12528
-6.99 2.13921
-6.98 2.15306
-6.97 2.16684
-6.96 2.18054
-6.95 2.19415
-6.94 2.20768
-6.93 2.22111
-6.92 2.23445
-6.91 2.24768
-6.9 2.26081
-6.89 2.27384
-6.88 2.28675
-6.87 2.29954
-6.86 2.31221
-6.85 2.32476
-6.84 2.33717
-6.83 2.34946
-6.82 2.36161
-6.81 2.37361
-6.8 2.38547
-6.79 2.39718
-6.78 2.40874
-6.77 2.42015
-6.76 2.43139
-6.75 2.44246
-6.74 2.45337
-6.73 2.4641
-6.72 2.47466
-6.71 2.48504
-6.7 2.49524
-6.69 2.50524
-6.68 2.51506
-6.67 2.52468
-6.66 2.53411
-6.65 2.54333
-6.64 2.55235
-6.63 2.56116
-6.62 2.56976
-6.61 2.57814
-6.6 2.58631
-6.59 2.59426
-6.58 2.60198
-6.57 2.60948
-6.56 2.61674
-6.55 2.62378
-6.54 2.63058
-6.53 2.63714
-6.52 2.64346
-6.51 2.64954
-6.5 2.65538
-6.49 2.66097
-6.48 2.66631
-6.47 2.6714
-6.46 2.67623
-6.45 2.68081
-6.44 2.68513
-6.43 2.6892
-6.42 2.693
-6.41 2.69654
-6.4 2.69982
-6.39 2.70283
-6.38 2.70558
-6.37 2.70806
-6.36 2.71028
-6.35 2.71222
-6.34 2.7139
-6.33 2.71531
-6.32 2.71644
-6.31 2.7173
-6.3 2.7179
-6.29 2.71822
-6.28 2.71827
-6.27 2.71805
-6.26 2.71755
-6.25 2.71679
-6.24 2.71575
-6.23 2.71444
-6.22 2.71286
-6.21 2.71102
-6.2 2.7089
-6.19 2.70651
-6.18 2.70386
-6.17 2.70094
-6.16 2.69776
-6.15 2.69431
-6.14 2.69061
-6.13 2.68664
-6.12 2.68241
-6.11 2.67792
-6.1 2.67318
-6.09 2.66818
-6.08 2.66293
-6.07 2.65744
-6.06 2.65169
-6.05 2.6457
-6.04 2.63946
-6.03 2.63299
-6.02 2.62627
-6.01 2.61932
-6 2.61214
-5.99 2.60473
-5.98 2.59709
-5.97 2.58922
-5.96 2.58113
-5.95 2.57283
-5.94 2.56431
-5.93 2.55557
-5.92 2.54663
-5.91 2.53748
-5.9 2.52813
-5.89 2.51858
-5.88 2.50883
-5.87 2.49889
-5.86 2.48876
-5.85 2.47845
-5.84 2.46796
-5.83 2.45728
-5.82 2.44644
-5.81 2.43542
-5.8 2.42424
-5.79 2.4129
-5.78 2.4014
-5.77 2.38974
-5.76 2.37793
-5.75 2.36598
-5.74 2.35388
-5.73 2.34165
-5.72 2.32928
-5.71 2.31678
-5.7 2.30415
-5.69 2.2914
-5.68 2.27854
-5.67 2.26555
-5.66 2.25246
-5.65 2.23926
-5.64 2.22596
-5.63 2.21256
-5.62 2.19907
-5.61 2.18549
-5.6 2.17182
-5.59 2.15807
-5.58 2.14424
-5.57 2.13034
-5.56 2.11637
-5.55 2.10233
-5.54 2.08823
-5.53 2.07407
-5.52 2.05986
-5.51 2.0456
-5.5 2.03129
-5.49 2.01694
-5.48 2.00254
-5.47 1.98812
-5.46 1.97366
-5.45 1.95917
-5.44 1.94466
-5.43 1.93013
-5.42 1.91558
-5.41 1.90102
-5.4 1.88644
-5.39 1.87186
-5.38 1.85728
-5.37 1.84269
-5.36 1.82811
-5.35 1.81353
-5.34 1.79897
-5.33 1.78441
-5.32 1.76987
-5.31 1.75535
-5.3 1.74085
-5.29 1.72638
-5.28 1.71193
-5.27 1.69751
-5.26 1.68312
-5.25 1.66877
-5.24 1.65445
-5.23 1.64018
-5.22 1.62595
-5.21 1.61176
-5.2 1.59762
-5.19 1.58353
-5.18 1.5695
-5.17 1.55551
-5.16 1.54159
-5.15 1.52772
-5.14 1.51391
-5.13 1.50017
-5.12 1.48649
-5.11 1.47288
-5.1 1.45933
-5.09 1.44586
-5.08 1.43245
-5.07 1.41912
-5.06 1.40586
-5.05 1.39269
-5.04 1.37958
-5.03 1.36656
-5.02 1.35362
-5.01 1.34076
-5 1.32798
-4.99 1.31529
-4.98 1.30269
-4.97 1.29017
-4.96 1.27773
-4.95 1.26539
-4.94 1.25314
-4.93 1.24098
-4.92 1.2289
-4.91 1.21693
-4.9 1.20504
-4.89 1.19325
-4.88 1.18155
-4.87 1.16995
-4.86 1.15844
-4.85 1.14703
-4.84 1.13572
-4.83 1.1245
-4.82 1.11338
-4.81 1.10236
-4.8 1.09144
-4.79 1.08062
-4.78 1.06989
-4.77 1.05927
-4.76 1.04874
-4.75 1.03832
-4.74 1.02799
-4.73 1.01777
-4.72 1.00764
-4.71 0.997614
-4.7 0.987688
-4.69 0.977862
-4.68 0.968135
-4.67 0.958509
-4.66 0.948982
-4.65 0.939555
-4.64 0.930228
-4.63 0.920999
-4.62 0.91187
-4.61 0.90284
-4.6 0.893908
-4.59 0.885074
-4.58 0.876339
-4.57 0.867701
-4.56 0.85916
-4.55 0.850717
-4.54 0.84237
-4.53 0.834119
-4.52 0.825964
-4.51 0.817904
-4.5 0.809939
-4.49 0.802069
-4.48 0.794293
-4.47 0.78661
-4.46 0.77902
-4.45 0.771523
-4.44 0.764118
-4.43 0.756804
-4.42 0.749581
-4.41 0.742449
-4.4 0.735406
-4.39 0.728452
-4.38 0.721587
-4.37 0.71481
-4.36 0.708121
-4.35 0.701518
-4.34 0.695001
-4.33 0.68857
-4.32 0.682224
-4.31 0.675963
-4.3 0.669785
-4.29 0.66369
-4.28 0.657677
-4.27 0.651746
-4.26 0.645897
-4.25 0.640128
-4.24 0.634438
-4.23 0.628828
-4.22 0.623297
-4.21 0.617843
-4.2 0.612467
-4.19 0.607167
-4.18 0.601943
-4.17 0.596794
-4.16 0.59172
-4.15 0.586719
-4.14 0.581792
-4.13 0.576938
-4.12 0.572155
-4.11 0.567444
-4.1 0.562804
-4.09 0.558234
-4.08 0.553733
-4.07 0.5493
-4.06 0.544936
-4.05 0.54064
-4.04 0.53641
-4.03 0.532246
-4.02 0.528148
-4.01 0.524116
-4 0.520147
-3.99 0.516242
-3.98 0.512401
-3.97 0.508622
-3.96 0.504905
-3.95 0.50125
-3.94 0.497655
-3.93 0.494121
-3.92 0.490646
-3.91 0.48723
-3.9 0.483873
-3.89 0.480574
-3.88 0.477333
-3.87 0.474148
-3.86 0.47102
-3.85 0.467948
-3.84 0.464931
-3.83 0.461968
-3.82 0.459061
-3.81 0.456207
-3.8 0.453406
-3.79 0.450658
-3.78 0.447962
-3.77 0.445319
-3.76 0.442727
-3.75 0.440185
-3.74 0.437695
-3.73 0.435254
-3.72 0.432863
-3.71 0.430521
-3.7 0.428228
-3.69 0.425983
-3.68 0.423786
-3.67 0.421637
-3.66 0.419535
-3.65 0.417479
-3.64 0.41547
-3.63 0.413507
-3.62 0.411589
-3.61 0.409717
-3.6 0.40789
-3.59 0.406107
-3.58 0.404368
-3.57 0.402674
-3.56 0.401023
-3.55 0.399415
-3.54 0.39785
-3.53 0.396328
-3.52 0.394848
-3.51 0.39341
-3.5 0.392014
-3.49 0.39066
-3.48 0.389347
-3.47 0.388075
-3.46 0.386843
-3.45 0.385653
-3.44 0.384502
-3.43 0.383392
-3.42 0.382321
-3.41 0.38129
-3.4 0.380299
-3.39 0.379347
-3.38 0.378433
-3.37 0.377559
-3.36 0.376724
-3.35 0.375926
-3.34 0.375168
-3.33 0.374447
-3.32 0.373765
-3.31 0.373121
-3.3 0.372514
-3.29 0.371946
-3.28 0.371414
-3.27 0.370921
-3.26 0.370464
-3.25 0.370045
-3.24 0.369664
-3.23 0.369319
-3.22 0.369011
-3.21 0.368741
-3.2 0.368507
-3.19 0.368311
-3.18 0.368151
-3.17 0.368028
-3.16 0.367942
-3.15 0.367892
-3.14 0.36788
-3.13 0.367904
-3.12 0.367965
-3.11 0.368063
-3.1 0.368198
-3.09 0.368369
-3.08 0.368578
-3.07 0.368823
-3.06 0.369105
-3.05 0.369425
-3.04 0.369781
-3.03 0.370175
-3.02 0.370606
-3.01 0.371074
-3 0.371579
-2.99 0.372123
-2.98 0.372703
-2.97 0.373322
-2.96 0.373978
-2.95 0.374673
-2.94 0.375405
-2.93 0.376176
-2.92 0.376985
-2.91 0.377833
-2.9 0.37872
-2.89 0.379646
-2.88 0.38061
-2.87 0.381614
-2.86 0.382658
-2.85 0.383741
-2.84 0.384864
-2.83 0.386028
-2.82 0.387231
-2.81 0.388476
-2.8 0.389761
-2.79 0.391087
-2.78 0.392455
-2.77 0.393864
-2.76 0.395315
-2.75 0.396808
-2.74 0.398344
-2.73 0.399922
-2.72 0.401544
-2.71 0.403209
-2.7 0.404917
-2.69 0.40667
-2.68 0.408467
-2.67 0.410309
-2.66 0.412195
-2.65 0.414127
-2.64 0.416105
-2.63 0.418129
-2.62 0.420199
-2.61 0.422316
-2.6 0.424481
-2.59 0.426693
-2.58 0.428953
-2.57 0.431262
-2.56 0.433619
-2.55 0.436026
-2.54 0.438483
-2.53 0.440989
-2.52 0.443547
-2.51 0.446155
-2.5 0.448815
-2.49 0.451528
-2.48 0.454292
-2.47 0.45711
-2.46 0.459981
-2.45 0.462906
-2.44 0.465886
-2.43 0.46892
-2.42 0.47201
-2.41 0.475156
-2.4 0.478359
-2.39 0.481619
-2.38 0.484936
-2.37 0.488312
-2.36 0.491746
-2.35 0.49524
-2.34 0.498793
-2.33 0.502407
-2.32 0.506082
-2.31 0.509819
-2.3 0.513618
-2.29 0.517479
-2.28 0.521404
-2.27 0.525393
-2.26 0.529447
-2.25 0.533565
-2.24 0.53775
-2.23 0.542001
-2.22 0.546319
-2.21 0.550705
-2.2 0.555159
-2.19 0.559682
-2.18 0.564274
-2.17 0.568937
-2.16 0.573671
-2.15 0.578476
-2.14 0.583354
-2.13 0.588304
-2.12 0.593328
-2.11 0.598426
-2.1 0.603598
-2.09 0.608847
-2.08 0.614171
-2.07 0.619572
-2.06 0.62505
-2.05 0.630607
-2.04 0.636242
-2.03 0.641957
-2.02 0.647751
-2.01 0.653627
-2 0.659583
-1.99 0.665622
-1.98 0.671743
-1.97 0.677948
-1.96 0.684236
-1.95 0.690609
-1.94 0.697068
-1.93 0.703612
-1.92 0.710242
-1.91 0.716959
-1.9 0.723764
-1.89 0.730657
-1.88 0.737639
-1.87 0.744711
-1.86 0.751872
-1.85 0.759124
-1.84 0.766467
-1.83 0.773901
-1.82 0.781428
-1.81 0.789047
-1.8 0.79676
-1.79 0.804566
-1.78 0.812466
-1.77 0.820461
-1.76 0.828551
-1.75 0.836737
-1.74 0.845018
-1.73 0.853396
-1.72 0.86187
-1.71 0.870442
-1.7 0.879111
-1.69 0.887877
-1.68 0.896742
-1.67 0.905706
-1.66 0.914767
-1.65 0.923928
-1.64 0.933188
-1.63 0.942547
-1.62 0.952006
-1.61 0.961565
-1.6 0.971223
-1.59 0.980981
-1.58 0.990839
-1.57 1.0008
-1.56 1.01085
-1.55 1.02101
-1.54 1.03127
-1.53 1.04163
-1.52 1.05209
-1.51 1.06264
-1.5 1.0733
-1.49 1.08405
-1.48 1.09491
-1.47 1.10586
-1.46 1.11691
-1.45 1.12806
-1.44 1.13931
-1.43 1.15066
-1.42 1.1621
-1.41 1.17363
-1.4 1.18527
-1.39 1.19699
-1.38 1.20882
-1.37 1.22073
-1.36 1.23274
-1.35 1.24484
-1.34 1.25703
-1.33 1.26931
-1.32 1.28168
-1.31 1.29414
-1.3 1.30669
-1.29 1.31933
-1.28 1.33204
-1.27 1.34485
-1.26 1.35773
-1.25 1.3707
-1.24 1.38375
-1.23 1.39688
-1.22 1.41008
-1.21 1.42336
-1.2 1.43671
-1.19 1.45014
-1.18 1.46364
-1.17 1.4772
-1.16 1.49084
-1.15 1.50454
-1.14 1.5183
-1.13 1.53213
-1.12 1.54602
-1.11 1.55996
-1.1 1.57396
-1.09 1.58802
-1.08 1.60212
-1.07 1.61628
-1.06 1.63048
-1.05 1.64472
-1.04 1.65901
-1.03 1.67334
-1.02 1.6877
-1.01 1.7021
-1 1.71653
-0.99 1.73098
-0.98 1.74547
-0.97 1.75997
-0.96 1.7745
-0.95 1.78905
-0.94 1.80361
-0.93 1.81818
-0.92 1.83275
-0.91 1.84734
-0.9 1.86192
-0.89 1.87651
-0.88 1.89109
-0.87 1.90566
-0.86 1.92022
-0.85 1.93476
-0.84 1.94929
-0.83 1.96379
-0.82 1.97827
-0.81 1.99272
-0.8 2.00713
-0.79 2.02151
-0.78 2.03585
-0.77 2.05015
-0.76 2.06439
-0.75 2.07859
-0.74 2.09273
-0.73 2.10681
-0.72 2.12083
-0.71 2.13478
-0.7 2.14866
-0.69 2.16246
-0.68 2.17618
-0.67 2.18983
-0.66 2.20338
-0.65 2.21684
-0.64 2.23021
-0.63 2.24348
-0.62 2.25664
-0.61 2.2697
-0.6 2.28265
-0.59 2.29548
-0.58 2.30819
-0.57 2.32077
-0.56 2.33323
-0.55 2.34556
-0.54 2.35775
-0.53 2.3698
-0.52 2.38171
-0.51 2.39347
-0.5 2.40508
-0.49 2.41653
-0.48 2.42782
-0.47 2.43895
-0.46 2.44991
-0.45 2.4607
-0.44 2.47132
-0.43 2.48175
-0.42 2.49201
-0.41 2.50208
-0.4 2.51195
-0.39 2.52164
-0.38 2.53113
-0.37 2.54041
-0.36 2.5495
-0.35 2.55838
-0.34 2.56704
-0.33 2.5755
-0.32 2.58373
-0.31 2.59175
-0.3 2.59955
-0.29 2.60711
-0.28 2.61445
-0.27 2.62156
-0.26 2.62844
-0.25 2.63508
-0.24 2.64148
-0.23 2.64763
-0.22 2.65355
-0.21 2.65921
-0.2 2.66463
-0.19 2.6698
-0.18 2.67472
-0.17 2.67938
-0.16 2.68378
-0.15 2.68793
-0.14 2.69182
-0.13 2.69544
-0.12 2.6988
-0.11 2.7019
-0.1 2.70474
-0.09 2.7073
-0.08 2.7096
-0.07 2.71163
-0.06 2.71339
-0.05 2.71489
-0.04 2.71611
-0.03 2.71706
-0.02 2.71774
-0.01 2.71815
3.26936e-13 2.71828
0.01 2.71815
0.02 2.71774
0.03 2.71706
0.04 2.71611
0.05 2.71489
0.06 2.71339
0.07 2.71163
0.08 2.7096
0.09 2.7073
0.1 2.70474
0.11 2.7019
0.12 2.6988
0.13 2.69544
0.14 2.69182
0.15 2.68793
0.16 2.68378
0.17 2.67938
0.18 2.67472
0.19 2.6698
0.2 2.66463
0.21 2.65921
0.22 2.65355
0.23 2.64763
0.24 2.64148
0.25 2.63508
0.26 2.62844
0.27 2.62156
0.28 2.61445
0.29 2.60711
0.3 2.59955
0.31 2.59175
0.32 2.58373
0.33 2.5755
0.34 2.56704
0.35 2.55838
0.36 2.5495
0.37 2.54041
0.38 2.53113
0.39 2.52164
0.4 2.51195
0.41 2.50208
0.42 2.49201
0.43 2.48175
0.44 2.47132
0.45 2.4607
0.46 2.44991
0.47 2.43895
0.48 2.42782
0.49 2.41653
0.5 2.40508
0.51 2.39347
0.52 2.38171
0.53 2.3698
0.54 2.35775
0.55 2.34556
0.56 2.33323
0.57 2.32077
0.58 2.30819
0.59 2.29548
0.6 2.28265
0.61 2.2697
0.62 2.25664
0.63 2.24348
0.64 2.23021
0.65 2.21684
0.66 2.20338
0.67 2.18983
0.68 2.17618
0.69 2.16246
0.7 2.14866
0.71 2.13478
0.72 2.12083
0.73 2.10681
0.74 2.09273
0.75 2.07859
0.76 2.06439
0.77 2.05015
0.78 2.03585
0.79 2.02151
0.8 2.00713
0.81 1.99272
0.82 1.97827
0.83 1.96379
0.84 1.94929
0.85 1.93476
0.86 1.92022
0.87 1.90566
0.88 1.89109
0.89 1.87651
0.9 1.86192
0.91 1.84734
0.92 1.83275
0.93 1.81818
0.94 1.80361
0.95 1.78905
0.96 1.7745
0.97 1.75997
0.98 1.74547
0.99 1.73098
1 1.71653
1.01 1.7021
1.02 1.6877
1.03 1.67334
1.04 1.65901
1.05 1.64472
1.06 1.63048
1.07 1.61628
1.08 1.60212
1.09 1.58802
1.1 1.57396
1.11 1.55996
1.12 1.54602
1.13 1.53213
1.14 1.5183
1.15 1.50454
1.16 1.49084
1.17 1.4772
1.18 1.46364
1.19 1.45014
1.2 1.43671
1.21 1.42336
1.22 1.41008
1.23 1.39688
1.24 1.38375
1.25 1.3707
1.26 1.35773
1.27 1.34485
1.28 1.33204
1.29 1.31933
1.3 1.30669
1.31 1.29414
1.32 1.28168
1.33 1.26931
1.34 1.25703
1.35 1.24484
1.36 1.23274
1.37 1.22073
1.38 1.20882
1.39 1.19699
1.4 1.18527
1.41 1.17363
1.42 1.1621
1.43 1.15066
1.44 1.13931
1.45 1.12806
1.46 1.11691
1.47 1.10586
1.48 1.09491
1.49 1.08405
1.5 1.0733
1.51 1.06264
1.52 1.05209
1.53 1.04163
1.54 1.03127
1.55 1.02101
1.56 1.01085
1.57 1.0008
1.58 0.990839
1.59 0.980981
1.6 0.971223
1.61 0.961565
1.62 0.952006
1.63 0.942547
1.64 0.933188
1.65 0.923928
1.66 0.914767
1.67 0.905706
1.68 0.896742
1.69 0.887877
1.7 0.879111
1.71 0.870442
1.72 0.86187
1.73 0.853396
1.74 0.845018
1.75 0.836737
1.76 0.828551
1.77 0.820461
1.78 0.812466
1.79 0.804566
1.8 0.79676
1.81 0.789047
1.82 0.781428
1.83 0.773901
1.84 0.766467
1.85 0.759124
1.86 0.751872
1.87 0.744711
1.88 0.737639
1.89 0.730657
1.9 0.723764
1.91 0.716959
1.92 0.710242
1.93 0.703612
1.94 0.697068
1.95 0.690609
1.96 0.684236
1.97 0.677948
1.98 0.671743
1.99 0.665622
2 0.659583
2.01 0.653627
2.02 0.647751
2.03 0.641957
2.04 0.636242
2.05 0.630607
2.06 0.62505
2.07 0.619572
2.08 0.614171
2.09 0.608847
2.1 0.603598
2.11 0.598426
2.12 0.593328
2.13 0.588304
2.14 0.583354
2.15 0.578476
2.16 0.573671
2.17 0.568937
2.18 0.564274
2.19 0.559682
2.2 0.555159
2.21 0.550705
2.22 0.546319
2.23 0.542001
2.24 0.53775
2.25 0.533565
2.26 0.529447
2.27 0.525393
2.28 0.521404
2.29 0.517479
2.3 0.513618
2.31 0.509819
2.32 0.506082
2.33 0.502407
2.34 0.498793
2.35 0.49524
2.36 0.491746
2.37 0.488312
2.38 0.484936
2.39 0.481619
2.4 0.478359
2.41 0.475156
2.42 0.47201
2.43 0.46892
2.44 0.465886
2.45 0.462906
2.46 0.459981
2.47 0.45711
2.48 0.454292
2.49 0.451528
2.5 0.448815
2.51 0.446155
2.52 0.443547
2.53 0.440989
2.54 0.438483
2.55 0.436026
2.56 0.433619
2.57 0.431262
2.58 0.428953
2.59 0.426693
2.6 0.424481
2.61 0.422316
2.62 0.420199
2.63 0.418129
2.64 0.416105
2.65 0.414127
2.66 0.412195
2.67 0.410309
2.68 0.408467
2.69 0.40667
2.7 0.404917
2.71 0.403209
2.72 0.401544
2.73 0.399922
2.74 0.398344
2.75 0.396808
2.76 0.395315
2.77 0.393864
2.78 0.392455
2.79 0.391087
2.8 0.389761
2.81 0.388476
2.82 0.387231
2.83 0.386028
2.84 0.384864
2.85 0.383741
2.86 0.382658
2.87 0.381614
2.88 0.38061
2.89 0.379646
2.9 0.37872
2.91 0.377833
2.92 0.376985
2.93 0.376176
2.94 0.375405
2.95 0.374673
2.96 0.373978
2.97 0.373322
2.98 0.372703
2.99 0.372123
3 0.371579
3.01 0.371074
3.02 0.370606
3.03 0.370175
3.04 0.369781
3.05 0.369425
3.06 0.369105
3.07 0.368823
3.08 0.368578
3.09 0.368369
3.1 0.368198
3.11 0.368063
3.12 0.367965
3.13 0.367904
3.14 0.36788
3.15 0.367892
3.16 0.367942
3.17 0.368028
3.18 0.368151
3.19 0.368311
3.2 0.368507
3.21 0.368741
3.22 0.369011
3.23 0.369319
3.24 0.369664
3.25 0.370045
3.26 0.370464
3.27 0.370921
3.28 0.371414
3.29 0.371946
3.3 0.372514
3.31 0.373121
3.32 0.373765
3.33 0.374447
3.34 0.375168
3.35 0.375926
3.36 0.376724
3.37 0.377559
3.38 0.378433
3.39 0.379347
3.4 0.380299
3.41 0.38129
3.42 0.382321
3.43 0.383392
3.44 0.384502
3.45 0.385653
3.46 0.386843
3.47 0.388075
3.48 0.389347
3.49 0.39066
3.5 0.392014
3.51 0.39341
3.52 0.394848
3.53 0.396328
3.54 0.39785
3.55 0.399415
3.56 0.401023
3.57 0.402674
3.58 0.404368
3.59 0.406107
3.6 0.40789
3.61 0.409717
3.62 0.411589
3.63 0.413507
3.64 0.41547
3.65 0.417479
3.66 0.419535
3.67 0.421637
3.68 0.423786
3.69 0.425983
3.7 0.428228
3.71 0.430521
3.72 0.432863
3.73 0.435254
3.74 0.437695
3.75 0.440185
3.76 0.442727
3.77 0.445319
3.78 0.447962
3.79 0.450658
3.8 0.453406
3.81 0.456207
3.82 0.459061
3.83 0.461968
3.84 0.464931
3.85 0.467948
3.86 0.47102
3.87 0.474148
3.88 0.477333
3.89 0.480574
3.9 0.483873
3.91 0.48723
3.92 0.490646
3.93 0.494121
3.94 0.497655
3.95 0.50125
3.96 0.504905
3.97 0.508622
3.98 0.512401
3.99 0.516242
4 0.520147
4.01 0.524116
4.02 0.528148
4.03 0.532246
4.04 0.53641
4.05 0.54064
4.06 0.544936
4.07 0.5493
4.08 0.553733
4.09 0.558234
4.1 0.562804
4.11 0.567444
4.12 0.572155
4.13 0.576938
4.14 0.581792
4.15 0.586719
4.16 0.59172
4.17 0.596794
4.18 0.601943
4.19 0.607167
4.2 0.612467
4.21 0.617843
4.22 0.623297
4.23 0.628828
4.24 0.634438
4.25 0.640128
4.26 0.645897
4.27 0.651746
4.28 0.657677
4.29 0.66369
4.3 0.669785
4.31 0.675963
4.32 0.682224
4.33 0.68857
4.34 0.695001
4.35 0.701518
4.36 0.708121
4.37 0.71481
4.38 0.721587
4.39 0.728452
4.4 0.735406
4.41 0.742449
4.42 0.749581
4.43 0.756804
4.44 0.764118
4.45 0.771523
4.46 0.77902
4.47 0.78661
4.48 0.794293
4.49 0.802069
4.5 0.809939
4.51 0.817904
4.52 0.825964
4.53 0.834119
4.54 0.84237
4.55 0.850717
4.56 0.85916
4.57 0.867701
4.58 0.876339
4.59 0.885074
4.6 0.893908
4.61 0.90284
4.62 0.91187
4.63 0.920999
4.64 0.930228
4.65 0.939555
4.66 0.948982
4.67 0.958509
4.68 0.968135
4.69 0.977862
4.7 0.987688
4.71 0.997614
4.72 1.00764
4.73 1.01777
4.74 1.02799
4.75 1.03832
4.76 1.04874
4.77 1.05927
4.78 1.06989
4.79 1.08062
4.8 1.09144
4.81 1.10236
4.82 1.11338
4.83 1.1245
4.84 1.13572
4.85 1.14703
4.86 1.15844
4.87 1.16995
4.88 1.18155
4.89 1.19325
4.9 1.20504
4.91 1.21693
4.92 1.2289
4.93 1.24098
4.94 1.25314
4.95 1.26539
4.96 1.27773
4.97 1.29017
4.98 1.30269
4.99 1.31529
5 1.32798
5.01 1.34076
5.02 1.35362
5.03 1.36656
5.04 1.37958
5.05 1.39269
5.06 1.40586
5.07 1.41912
5.08 1.43245
5.09 1.44586
5.1 1.45933
5.11 1.47288
5.12 1.48649
5.13 1.50017
5.14 1.51391
5.15 1.52772
5.16 1.54159
5.17 1.55551
5.18 1.5695
5.19 1.58353
5.2 1.59762
5.21 1.61176
5.22 1.62595
5.23 1.64018
5.24 1.65445
5.25 1.66877
5.26 1.68312
5.27 1.69751
5.28 1.71193
5.29 1.72638
5.3 1.74085
5.31 1.75535
5.32 1.76987
5.33 1.78441
5.34 1.79897
5.35 1.81353
5.36 1.82811
5.37 1.84269
5.38 1.85728
5.39 1.87186
5.4 1.88644
5.41 1.90102
5.42 1.91558
5.43 1.93013
5.44 1.94466
5.45 1.95917
5.46 1.97366
5.47 1.98812
5.48 2.00254
5.49 2.01694
5.5 2.03129
5.51 2.0456
5.52 2.05986
5.53 2.07407
5.54 2.08823
5.55 2.10233
5.56 2.11637
5.57 2.13034
5.58 2.14424
5.59 2.15807
5.6 2.17182
5.61 2.18549
5.62 2.19907
5.63 2.21256
5.64 2.22596
5.65 2.23926
5.66 2.25246
5.67 2.26555
5.68 2.27854
5.69 2.2914
5.7 2.30415
5.71 2.31678
5.72 2.32928
5.73 2.34165
5.74 2.35388
5.75 2.36598
5.76 2.37793
5.77 2.38974
5.78 2.4014
5.79 2.4129
5.8 2.42424
5.81 2.43542
5.82 2.44644
5.83 2.45728
5.84 2.46796
5.85 2.47845
5.86 2.48876
5.87 2.49889
5.88 2.50883
5.89 2.51858
5.9 2.52813
5.91 2.53748
5.92 2.54663
5.93 2.55557
5.94 2.56431
5.95 2.57283
5.96 2.58113
5.97 2.58922
5.98 2.59709
5.99 2.60473
6 2.61214
6.01 2.61932
6.02 2.62627
6.03 2.63299
6.04 2.63946
6.05 2.6457
6.06 2.65169
6.07 2.65744
6.08 2.66293
6.09 2.66818
6.1 2.67318
6.11 2.67792
6.12 2.68241
6.13 2.68664
6.14 2.69061
6.15 2.69431
6.16 2.69776
6.17 2.70094
6.18 2.70386
6.19 2.70651
6.2 2.7089
6.21 2.71102
6.22 2.71286
6.23 2.71444
6.24 2.71575
6.25 2.71679
6.26 2.71755
6.27 2.71805
6.28 2.71827
6.29 2.71822
6.3 2.7179
6.31 2.7173
6.32 2.71644
6.33 2.71531
6.34 2.7139
6.35 2.71222
6.36 2.71028
6.37 2.70806
6.38 2.70558
6.39 2.70283
6.4 2.69982
6.41 2.69654
6.42 2.693
6.43 2.6892
6.44 2.68513
6.45 2.68081
6.46 2.67623
6.47 2.6714
6.48 2.66631
6.49 2.66097
6.5 2.65538
6.51 2.64954
6.52 2.64346
6.53 2.63714
6.54 2.63058
6.55 2.62378
6.56 2.61674
6.57 2.60948
6.58 2.60198
6.59 2.59426
6.6 2.58631
6.61 2.57814
6.62 2.56976
6.63 2.56116
6.64 2.55235
6.65 2.54333
6.66 2.53411
6.67 2.52468
6.68 2.51506
6.69 2.50524
6.7 2.49524
6.71 2.48504
6.72 2.47466
6.73 2.4641
6.74 2.45337
6.75 2.44246
6.76 2.43139
6.77 2.42015
6.78 2.40874
6.79 2.39718
6.8 2.38547
6.81 2.37361
6.82 2.36161
6.83 2.34946
6.84 2.33717
6.85 2.32476
6.86 2.31221
6.87 2.29954
6.88 2.28675
6.89 2.27384
6.9 2.26081
6.91 2.24768
6.92 2.23445
6.93 2.22111
6.94 2.20768
6.95 2.19415
6.96 2.18054
6.97 2.16684
6.98 2.15306
6.99 2.13921
7 2.12528
7.01 2.11128
7.02 2.09722
7.03 2.0831
7.04 2.06892
7.05 2.05469
7.06 2.04041
7.07 2.02608
7.08 2.01172
7.09 1.99731
7.1 1.98287
7.11 1.9684
7.12 1.95391
7.13 1.93939
7.14 1.92485
7.15 1.9103
7.16 1.89573
7.17 1.88115
7.18 1.86657
7.19 1.85198
7.2 1.8374
7.21 1.82282
7.22 1.80825
7.23 1.79368
7.24 1.77913
7.25 1.7646
7.26 1.75009
7.27 1.73559
7.28 1.72113
7.29 1.70669
7.3 1.69228
7.31 1.67791
7.32 1.66357
7.33 1.64927
7.34 1.63501
7.35 1.62079
7.36 1.60662
7.37 1.5925
7.38 1.57843
7.39 1.56442
7.4 1.55045
7.41 1.53655
7.42 1.5227
7.43 1.50892
7.44 1.4952
7.45 1.48154
7.46 1.46795
7.47 1.45443
7.48 1.44098
7.49 1.4276
7.5 1.4143
7.51 1.40107
7.52 1.38792
7.53 1.37485
7.54 1.36186
7.55 1.34894
7.56 1.33611
7.57 1.32337
7.58 1.31071
7.59 1.29813
7.6 1.28564
7.61 1.27324
7.62 1.26093
7.63 1.24871
7.64 1.23658
7.65 1.22455
7.66 1.2126
7.67 1.20075
7.68 1.18899
7.69 1.17733
7.7 1.16576
7.71 1.15429
7.72 1.14291
7.73 1.13164
7.74 1.12046
7.75 1.10937
7.76 1.09839
7.77 1.0875
7.78 1.07671
7.79 1.06603
7.8 1.05544
7.81 1.04495
7.82 1.03456
7.83 1.02427
7.84 1.01408
7.85 1.00399
7.86 0.994
7.87 0.98411
7.88 0.97432
7.89 0.96463
7.9 0.95504
7.91 0.945549
7.92 0.936159
7.93 0.926867
7.94 0.917675
7.95 0.908581
7.96 0.899587
7.97 0.890691
7.98 0.881893
7.99 0.873192
8 0.86459
8.01 0.856085
8.02 0.847676
8.03 0.839364
8.04 0.831148
8.05 0.823028
8.06 0.815003
8.07 0.807072
8.08 0.799236
8.09 0.791494
8.1 0.783845
8.11 0.776289
8.12 0.768825
8.13 0.761453
8.14 0.754172
8.15 0.746982
8.16 0.739882
8.17 0.732872
8.18 0.72595
8.19 0.719117
8.2 0.712372
8.21 0.705714
8.22 0.699143
8.23 0.692657
8.24 0.686257
8.25 0.679942
8.26 0.673711
8.27 0.667563
8.28 0.661498
8.29 0.655515
8.3 0.649614
8.31 0.643794
8.32 0.638054
8.33 0.632393
8.34 0.626812
8.35 0.621309
8.36 0.615883
8.37 0.610534
8.38 0.605262
8.39 0.600065
8.4 0.594944
8.41 0.589896
8.42 0.584923
8.43 0.580022
8.44 0.575194
8.45 0.570437
8.46 0.565752
8.47 0.561137
8.48 0.556592
8.49 0.552116
8.5 0.547709
8.51 0.543369
8.52 0.539097
8.53 0.534891
8.54 0.530752
8.55 0.526677
8.56 0.522668
8.57 0.518723
8.58 0.514841
8.59 0.511022
8.6 0.507266
8.61 0.503571
8.62 0.499938
8.63 0.496365
8.64 0.492853
8.65 0.489399
8.66 0.486005
8.67 0.482669
8.68 0.479391
8.69 0.47617
8.7 0.473006
8.71 0.469898
8.72 0.466846
8.73 0.463849
8.74 0.460907
8.75 0.458019
8.76 0.455184
8.77 0.452402
8.78 0.449674
8.79 0.446997
8.8 0.444372
8.81 0.441798
8.82 0.439276
8.83 0.436803
8.84 0.43438
8.85 0.432007
8.86 0.429683
8.87 0.427407
8.88 0.42518
8.89 0.423001
8.9 0.420868
8.91 0.418783
8.92 0.416745
8.93 0.414752
8.94 0.412806
8.95 0.410905
8.96 0.409049
8.97 0.407238
8.98 0.405471
8.99 0.403748
9 0.40207
9.01 0.400434
9.02 0.398842
9.03 0.397293
9.04 0.395786
9.05 0.394321
9.06 0.392899
9.07 0.391518
9.08 0.390179
9.09 0.38888
9.1 0.387623
9.11 0.386407
9.12 0.38523
9.13 0.384094
9.14 0.382999
9.15 0.381942
9.16 0.380926
9.17 0.379949
9.18 0.379011
9.19 0.378112
9.2 0.377251
9.21 0.37643
9.22 0.375647
9.23 0.374902
9.24 0.374195
9.25 0.373527
9.26 0.372896
9.27 0.372304
9.28 0.371748
9.29 0.371231
9.3 0.370751
9.31 0.370308
9.32 0.369903
9.33 0.369534
9.34 0.369203
9.35 0.368909
9.36 0.368652
9.37 0.368432
9.38 0.368248
9.39 0.368102
9.4 0.367992
9.41 0.36792
9.42 0.367884
9.43 0.367884
9.44 0.367922
9.45 0.367996
9.46 0.368108
9.47 0.368256
9.48 0.368441
9.49 0.368662
9.5 0.368921
9.51 0.369217
9.52 0.36955
9.53 0.36992
9.54 0.370327
9.55 0.370771
9.56 0.371253
9.57 0.371772
9.58 0.372329
9.59 0.372924
9.6 0.373556
9.61 0.374226
9.62 0.374934
9.63 0.375681
9.64 0.376465
9.65 0.377289
9.66 0.378151
9.67 0.379051
9.68 0.379991
9.69 0.38097
9.7 0.381988
9.71 0.383046
9.72 0.384144
9.73 0.385282
9.74 0.38646
9.75 0.387678
9.76 0.388937
9.77 0.390237
9.78 0.391578
9.79 0.392961
9.8 0.394386
9.81 0.395852
9.82 0.397361
9.83 0.398912
9.84 0.400506
9.85 0.402143
9.86 0.403824
9.87 0.405548
9.88 0.407317
9.89 0.40913
9.9 0.410988
9.91 0.412891
9.92 0.41484
9.93 0.416834
9.94 0.418875
9.95 0.420962
9.96 0.423096
9.97 0.425278
9.98 0.427508
9.99 0.429785
10 0.432112
10.01 0.434487
10.02 0.436912
10.03 0.439387
10.04 0.441912
10.05 0.444488
10.06 0.447115
10.07 0.449794
10.08 0.452525
10.09 0.455309
10.1 0.458146
10.11 0.461036
10.12 0.463981
10.13 0.466981
10.14 0.470035
10.15 0.473146
10.16 0.476312
10.17 0.479536
10.18 0.482816
10.19 0.486155
10.2 0.489551
10.21 0.493007
10.22 0.496523
10.23 0.500098
10.24 0.503734
10.25 0.507431
10.26 0.51119
10.27 0.515012
10.28 0.518896
10.29 0.522845
10.3 0.526857
10.31 0.530934
10.32 0.535076
10.33 0.539285
10.34 0.54356
10.35 0.547903
10.36 0.552313
10.37 0.556792
10.38 0.561341
10.39 0.565959
10.4 0.570647
10.41 0.575407
10.42 0.580238
10.43 0.585142
10.44 0.590119
10.45 0.595169
10.46 0.600294
10.47 0.605494
10.48 0.61077
10.49 0.616122
10.5 0.621551
10.51 0.627058
10.52 0.632643
10.53 0.638307
10.54 0.644051
10.55 0.649874
10.56 0.655779
10.57 0.661766
10.58 0.667834
10.59 0.673986
10.6 0.680221
10.61 0.68654
10.62 0.692943
10.63 0.699433
10.64 0.706008
10.65 0.71267
10.66 0.719419
10.67 0.726256
10.68 0.733181
10.69 0.740196
10.7 0.747299
10.71 0.754494
10.72 0.761778
10.73 0.769154
10.74 0.776622
10.75 0.784183
10.76 0.791836
10.77 0.799582
10.78 0.807422
10.79 0.815357
10.8 0.823386
10.81 0.831511
10.82 0.839731
10.83 0.848047
10.84 0.85646
10.85 0.86497
10.86 0.873577
10.87 0.882281
10.88 0.891083
10.89 0.899984
10.9 0.908983
10.91 0.918081
10.92 0.927278
10.93 0.936573
10.94 0.945969
10.95 0.955464
10.96 0.965058
10.97 0.974753
10.98 0.984547
10.99 0.994441
11 1.00444
11.01 1.01453
11.02 1.02472
11.03 1.03502
11.04 1.04541
11.05 1.05591
11.06 1.0665
11.07 1.07719
11.08 1.08798
11.09 1.09887
11.1 1.10986
11.11 1.12095
11.12 1.13213
11.13 1.14342
11.14 1.1548
11.15 1.16627
11.16 1.17784
11.17 1.18951
11.18 1.20127
11.19 1.21313
11.2 1.22508
11.21 1.23712
11.22 1.24925
11.23 1.26148
11.24 1.27379
11.25 1.2862
11.26 1.29869
11.27 1.31127
11.28 1.32393
11.29 1.33668
11.3 1.34952
11.31 1.36243
11.32 1.37543
11.33 1.3885
11.34 1.40166
11.35 1.41489
11.36 1.4282
11.37 1.44158
11.38 1.45503
11.39 1.46855
11.4 1.48215
11.41 1.4958
11.42 1.50953
11.43 1.52332
11.44 1.53716
11.45 1.55107
11.46 1.56504
11.47 1.57906
11.48 1.59313
11.49 1.60725
11.5 1.62142
11.51 1.63564
11.52 1.6499
11.53 1.6642
11.54 1.67854
11.55 1.69292
11.56 1.70733
11.57 1.72177
11.58 1.73624
11.59 1.75073
11.6 1.76525
11.61 1.77978
11.62 1.79433
11.63 1.80889
11.64 1.82347
11.65 1.83805
11.66 1.85263
11.67 1.86722
11.68 1.8818
11.69 1.89638
11.7 1.91094
11.71 1.9255
11.72 1.94003
11.73 1.95455
11.74 1.96905
11.75 1.98351
11.76 1.99795
11.77 2.01235
11.78 2.02672
11.79 2.04104
11.8 2.05532
11.81 2.06955
11.82 2.08373
11.83 2.09785
11.84 2.1119
11.85 2.1259
11.86 2.13982
11.87 2.15367
11.88 2.16745
11.89 2.18114
11.9 2.19475
11.91 2.20828
11.92 2.22171
11.93 2.23504
11.94 2.24827
11.95 2.2614
11.96 2.27441
11.97 2.28732
11.98 2.3001
11.99 2.31277
12 2.32531
12.01 2.33772
12.02 2.35
12.03 2.36214
12.04 2.37414
12.05 2.386
12.06 2.3977
12.07 2.40925
12.08 2.42065
12.09 2.43188
12.1 2.44295
12.11 2.45385
12.12 2.46458
12.13 2.47513
12.14 2.4855
12.15 2.49568
12.16 2.50568
12.17 2.51549
12.18 2.52511
12.19 2.53452
12.2 2.54374
12.21 2.55274
12.22 2.56155
12.23 2.57014
12.24 2.57851
12.25 2.58667
12.26 2.59461
12.27 2.60232
12.28 2.6098
12.29 2.61706
12.3 2.62409
12.31 2.63088
12.32 2.63743
12.33 2.64374
12.34 2.64981
12.35 2.65563
12.36 2.66121
12.37 2.66654
12.38 2.67162
12.39 2.67644
12.4 2.68101
12.41 2.68532
12.42 2.68937
12.43 2.69316
12.44 2.69669
12.45 2.69996
12.46 2.70296
12.47 2.7057
12.48 2.70817
12.49 2.71037
12.5 2.7123
12.51 2.71397
12.52 2.71536
12.53 2.71648
12.54 2.71734
12.55 2.71792
12.56 2.71823
12.57 2.71826
12.58 2.71803
12.59 2.71752
12.6 2.71675
12.61 2.7157
12.62 2.71438
12.63 2.71279
12.64 2.71093
12.65 2.7088
12.66 2.7064
12.67 2.70374
12.68 2.70081
12.69 2.69761
12.7 2.69416
12.71 2.69044
12.72 2.68645
12.73 2.68221
12.74 2.67772
12.75 2.67296
12.76 2.66796
12.77 2.6627
12.78 2.65719
12.79 2.65143
12.8 2.64543
12.81 2.63918
12.82 2.6327
12.83 2.62597
12.84 2.61901
12.85 2.61182
12.86 2.60439
12.87 2.59674
12.88 2.58887
12.89 2.58077
12.9 2.57245
12.91 2.56392
12.92 2.55518
12.93 2.54623
12.94 2.53707
12.95 2.52771
12.96 2.51815
12.97 2.50839
12.98 2.49844
12.99 2.48831
13 2.47799
13.01 2.46749
13.02 2.45681
13.03 2.44595
13.04 2.43493
13.05 2.42374
13.06 2.41239
13.07 2.40088
13.08 2.38922
13.09 2.37741
13.1 2.36545
13.11 2.35334
13.12 2.3411
13.13 2.32873
13.14 2.31622
13.15 2.30359
13.16 2.29083
13.17 2.27796
13.18 2.26497
13.19 2.25188
13.2 2.23867
13.21 2.22537
13.22 2.21197
13.23 2.19847
13.24 2.18488
13.25 2.17121
13.26 2.15746
13.27 2.14363
13.28 2.12972
13.29 2.11575
13.3 2.10171
13.31 2.0876
13.32 2.07344
13.33 2.05923
13.34 2.04496
13.35 2.03065
13.36 2.0163
13.37 2.0019
13.38 1.98748
13.39 1.97302
13.4 1.95853
13.41 1.94402
13.42 1.92948
13.43 1.91493
13.44 1.90037
13.45 1.8858
13.46 1.87121
13.47 1.85663
13.48 1.84204
13.49 1.82746
13.5 1.81289
13.51 1.79832
13.52 1.78377
13.53 1.76923
13.54 1.75471
13.55 1.74021
13.56 1.72573
13.57 1.71129
13.58 1.69687
13.59 1.68248
13.6 1.66813
13.61 1.65382
13.62 1.63955
13.63 1.62532
13.64 1.61113
13.65 1.597
13.66 1.58291
13.67 1.56887
13.68 1.55489
13.69 1.54097
13.7 1.52711
13.71 1.5133
13.72 1.49956
13.73 1.48588
13.74 1.47227
13.75 1.45873
13.76 1.44526
13.77 1.43186
13.78 1.41853
13.79 1.40528
13.8 1.3921
13.81 1.379
13.82 1.36599
13.83 1.35305
13.84 1.34019
13.85 1.32742
13.86 1.31473
13.87 1.30213
13.88 1.28961
13.89 1.27718
13.9 1.26485
13.91 1.2526
13.92 1.24044
13.93 1.22837
13.94 1.2164
13.95 1.20451
13.96 1.19273
13.97 1.18103
13.98 1.16943
13.99 1.15793
14 1.14653
14.01 1.13522
14.02 1.12401
14.03 1.11289
14.04 1.10188
14.05 1.09096
14.06 1.08014
14.07 1.06942
14.08 1.0588
14.09 1.04828
14.1 1.03786
14.11 1.02754
14.12 1.01731
14.13 1.00719
14.14 0.997171
14.15 0.987249
14.16 0.977428
14.17 0.967706
14.18 0.958084
14.19 0.948562
14.2 0.939139
14.21 0.929816
14.22 0.920592
14.23 0.911467
14.24 0.902441
14.25 0.893514
14.26 0.884684
14.27 0.875953
14.28 0.867319
14.29 0.858783
14.3 0.850344
14.31 0.842001
14.32 0.833755
14.33 0.825604
14.34 0.817548
14.35 0.809588
14.36 0.801722
14.37 0.79395
14.38 0.786271
14.39 0.778686
14.4 0.771192
14.41 0.763791
14.42 0.756481
14.43 0.749263
14.44 0.742134
14.45 0.735095
14.46 0.728145
14.47 0.721284
14.48 0.714511
14.49 0.707825
14.5 0.701227
14.51 0.694714
14.52 0.688287
14.53 0.681944
14.54 0.675686
14.55 0.669512
14.56 0.663421
14.57 0.657412
14.58 0.651485
14.59 0.645639
14.6 0.639873
14.61 0.634188
14.62 0.628581
14.63 0.623053
14.64 0.617603
14.65 0.61223
14.66 0.606933
14.67 0.601712
14.68 0.596567
14.69 0.591496
14.7 0.586499
14.71 0.581575
14.72 0.576724
14.73 0.571945
14.74 0.567237
14.75 0.5626
14.76 0.558032
14.77 0.553534
14.78 0.549105
14.79 0.544744
14.8 0.54045
14.81 0.536224
14.82 0.532063
14.83 0.527968
14.84 0.523938
14.85 0.519972
14.86 0.51607
14.87 0.512232
14.88 0.508456
14.89 0.504741
14.9 0.501089
14.91 0.497497
14.92 0.493965
14.93 0.490493
14.94 0.48708
14.95 0.483726
14.96 0.480429
14.97 0.47719
14.98 0.474008
14.99 0.470882
15 0.467812
15.01 0.464798
15.02 0.461838
15.03 0.458933
15.04 0.456081
15.05 0.453283
15.06 0.450537
15.07 0.447844
15.08 0.445203
15.09 0.442613
15.1 0.440074
15.11 0.437585
15.12 0.435147
15.13 0.432758
15.14 0.430418
15.15 0.428127
15.16 0.425884
15.17 0.42369
15.18 0.421542
15.19 0.419442
15.2 0.417389
15.21 0.415382
15.22 0.413421
15.23 0.411505
15.24 0.409635
15.25 0.40781
15.26 0.406029
15.27 0.404292
15.28 0.4026
15.29 0.40095
15.3 0.399345
15.31 0.397782
15.32 0.396261
15.33 0.394783
15.34 0.393347
15.35 0.391953
15.36 0.390601
15.37 0.38929
15.38 0.388019
15.39 0.38679
15.4 0.385601
15.41 0.384452
15.42 0.383343
15.43 0.382275
15.44 0.381245
15.45 0.380256
15.46 0.379305
15.47 0.378394
15.48 0.377521
15.49 0.376687
15.5 0.375892
15.51 0.375135
15.52 0.374416
15.53 0.373736
15.54 0.373093
15.55 0.372488
15.56 0.371921
15.57 0.371392
15.58 0.3709
15.59 0.370445
15.6 0.370028
15.61 0.369647
15.62 0.369305
15.63 0.368999
15.64 0.36873
15.65 0.368498
15.66 0.368303
15.67 0.368145
15.68 0.368023
15.69 0.367939
15.7 0.367891
15.71 0.36788
15.72 0.367906
15.73 0.367969
15.74 0.368068
15.75 0.368205
15.76 0.368378
15.77 0.368588
15.78 0.368835
15.79 0.369119
15.8 0.36944
15.81 0.369798
15.82 0.370193
15.83 0.370626
15.84 0.371096
15.85 0.371603
15.86 0.372148
15.87 0.37273
15.88 0.37335
15.89 0.374008
15.9 0.374705
15.91 0.375439
15.92 0.376211
15.93 0.377022
15.94 0.377872
15.95 0.37876
15.96 0.379688
15.97 0.380654
15.98 0.38166
15.99 0.382705
16 0.38379
16.01 0.384915
16.02 0.38608
16.03 0.387286
16.04 0.388532
16.05 0.389819
16.06 0.391147
16.07 0.392516
16.08 0.393927
16.09 0.39538
16.1 0.396875
16.11 0.398413
16.12 0.399993
16.13 0.401617
16.14 0.403284
16.15 0.404994
16.16 0.406749
16.17 0.408548
16.18 0.410391
16.19 0.41228
16.2 0.414214
16.21 0.416194
16.22 0.41822
16.23 0.420292
16.24 0.422411
16.25 0.424578
16.26 0.426792
16.27 0.429054
16.28 0.431365
16.29 0.433725
16.3 0.436134
16.31 0.438593
16.32 0.441102
16.33 0.443662
16.34 0.446272
16.35 0.448935
16.36 0.451649
16.37 0.454416
16.38 0.457236
16.39 0.46011
16.4 0.463037
16.41 0.466019
16.42 0.469056
16.43 0.472149
16.44 0.475297
16.45 0.478503
16.46 0.481765
16.47 0.485085
16.48 0.488463
16.49 0.4919
16.5 0.495396
16.51 0.498953
16.52 0.502569
16.53 0.506247
16.54 0.509986
16.55 0.513788
16.56 0.517652
16.57 0.52158
16.58 0.525572
16.59 0.529628
16.6 0.53375
16.61 0.537937
16.62 0.542191
16.63 0.546512
16.64 0.550901
16.65 0.555358
16.66 0.559884
16.67 0.56448
16.68 0.569146
16.69 0.573883
16.7 0.578691
16.71 0.583572
16.72 0.588526
16.73 0.593553
16.74 0.598654
16.75 0.60383
16.76 0.609081
16.77 0.614409
16.78 0.619814
16.79 0.625295
16.8 0.630855
16.81 0.636494
16.82 0.642212
16.83 0.648011
16.84 0.65389
16.85 0.65985
16.86 0.665892
16.87 0.672017
16.88 0.678225
16.89 0.684518
16.9 0.690894
16.91 0.697356
16.92 0.703904
16.93 0.710538
16.94 0.71726
16.95 0.724068
16.96 0.730966
16.97 0.737952
16.98 0.745027
16.99 0.752192
17 0.759448
17.01 0.766795
17.02 0.774234
17.03 0.781764
17.04 0.789388
17.05 0.797104
17.06 0.804915
17.07 0.812819
17.08 0.820818
17.09 0.828913
17.1 0.837102
17.11 0.845388
17.12 0.85377
17.13 0.862249
17.14 0.870825
17.15 0.879498
17.16 0.888269
17.17 0.897138
17.18 0.906106
17.19 0.915172
17.2 0.924337
17.21 0.933602
17.22 0.942965
17.23 0.952428
17.24 0.961991
17.25 0.971654
17.26 0.981416
17.27 0.991279
17.28 1.00124
17.29 1.0113
17.3 1.02147
17.31 1.03173
17.32 1.04209
17.33 1.05255
17.34 1.06311
17.35 1.07377
17.36 1.08453
17.37 1.09539
17.38 1.10635
17.39 1.11741
17.4 1.12856
17.41 1.13981
17.42 1.15116
17.43 1.16261
17.44 1.17415
17.45 1.18578
17.46 1.19752
17.47 1.20934
17.48 1.22126
17.49 1.23327
17.5 1.24538
17.51 1.25757
17.52 1.26986
17.53 1.28224
17.54 1.2947
17.55 1.30725
17.56 1.31989
17.57 1.33261
17.58 1.34542
17.59 1.35831
17.6 1.37128
17.61 1.38433
17.62 1.39746
17.63 1.41067
17.64 1.42395
17.65 1.43731
17.66 1.45074
17.67 1.46424
17.68 1.47781
17.69 1.49145
17.7 1.50515
17.71 1.51892
17.72 1.53275
17.73 1.54664
17.74 1.56058
17.75 1.57459
17.76 1.58864
17.77 1.60275
17.78 1.6169
17.79 1.63111
17.8 1.64536
17.81 1.65964
17.82 1.67397
17.83 1.68834
17.84 1.70274
17.85 1.71717
17.86 1.73163
17.87 1.74611
17.88 1.76062
17.89 1.77515
17.9 1.78969
17.91 1.80425
17.92 1.81882
17.93 1.8334
17.94 1.84799
17.95 1.86257
17.96 1.87715
17.97 1.89173
17.98 1.9063
17.99 1.92086
18 1.93541
18.01 1.94993
18.02 1.96443
18.03 1.97891
18.04 1.99336
18.05 2.00777
18.06 2.02215
18.07 2.03649
18.08 2.05078
18.09 2.06502
18.1 2.07922
18.11 2.09335
18.12 2.10743
18.13 2.12145
18.14 2.13539
18.15 2.14927
18.16 2.16307
18.17 2.17679
18.18 2.19043
18.19 2.20398
18.2 2.21744
18.21 2.2308
18.22 2.24407
18.23 2.25723
18.24 2.27028
18.25 2.28322
18.26 2.29604
18.27 2.30875
18.28 2.32133
18.29 2.33378
18.3 2.34611
18.31 2.35829
18.32 2.37034
18.33 2.38224
18.34 2.39399
18.35 2.40559
18.36 2.41704
18.37 2.42832
18.38 2.43944
18.39 2.4504
18.4 2.46118
18.41 2.47179
18.42 2.48221
18.43 2.49246
18.44 2.50252
18.45 2.51239
18.46 2.52206
18.47 2.53154
18.48 2.54082
18.49 2.5499
18.5 2.55877
18.51 2.56742
18.52 2.57587
18.53 2.58409
18.54 2.5921
18.55 2.59989
18.56 2.60744
18.57 2.61478
18.58 2.62187
18.59 2.62874
18.6 2.63537
18.61 2.64175
18.62 2.6479
18.63 2.6538
18.64 2.65946
18.65 2.66487
18.66 2.67003
18.67 2.67493
18.68 2.67958
18.69 2.68397
18.7 2.68811
18.71 2.69198
18.72 2.6956
18.73 2.69895
18.74 2.70203
18.75 2.70486
18.76 2.70741
18.77 2.7097
18.78 2.71172
18.79 2.71347
18.8 2.71495
18.81 2.71616
18.82 2.71709
18.83 2.71776
18.84 2.71816
18.85 2.71828
18.86 2.71813
18.87 2.71771
18.88 2.71702
18.89 2.71606
18.9 2.71483
18.91 2.71332
18.92 2.71155
18.93 2.70951
18.94 2.70719
18.95 2.70462
18.96 2.70177
18.97 2.69866
18.98 2.69529
18.99 2.69165
19 2.68775
19.01 2.68359
19.02 2.67918
19.03 2.6745
19.04 2.66958
19.05 2.6644
19.06 2.65897
19.07 2.65329
19.08 2.64737
19.09 2.6412
19.1 2.63479
19.11 2.62814
19.12 2.62125
19.13 2.61413
19.14 2.60678
19.15 2.5992
19.16 2.5914
19.17 2.58337
19.18 2.57513
19.19 2.56666
19.2 2.55799
19.21 2.5491
19.22 2.54001
19.23 2.53071
19.24 2.52121
19.25 2.51152
19.26 2.50163
19.27 2.49156
19.28 2.48129
19.29 2.47085
19.3 2.46023
19.31 2.44943
19.32 2.43846
19.33 2.42732
19.34 2.41603
19.35 2.40457
19.36 2.39295
19.37 2.38119
19.38 2.36927
19.39 2.35721
19.4 2.34502
19.41 2.33268
19.42 2.32022
19.43 2.30763
19.44 2.29491
19.45 2.28207
19.46 2.26912
19.47 2.25606
19.48 2.24289
19.49 2.22962
19.5 2.21625
19.51 2.20278
19.52 2.18922
19.53 2.17558
19.54 2.16185
19.55 2.14804
19.56 2.13416
19.57 2.12021
19.58 2.10618
19.59 2.0921
19.6 2.07796
19.61 2.06376
19.62 2.04951
19.63 2.03521
19.64 2.02087
19.65 2.00649
19.66 1.99207
19.67 1.97762
19.68 1.96315
19.69 1.94864
19.7 1.93411
19.71 1.91957
19.72 1.90501
19.73 1.89044
19.74 1.87586
19.75 1.86128
19.76 1.84669
19.77 1.83211
19.78 1.81753
19.79 1.80296
19.8 1.7884
19.81 1.77386
19.82 1.75933
19.83 1.74482
19.84 1.73034
19.85 1.71588
19.86 1.70146
19.87 1.68706
19.88 1.6727
19.89 1.65837
19.9 1.64409
19.91 1.62984
19.92 1.61565
19.93 1.60149
19.94 1.58739
19.95 1.57334
19.96 1.55934
19.97 1.5454
19.98 1.53152
19.99 1.51769
